STATEFIPS,STATE,zipcode,Returns_pct1,Returns_pct2,Returns_pct3,Returns_pct4,Returns_pct5,Returns_pct6,total
1,AL,35004,28.98,27.06,18.23,12.48,12.09,1.15,5210
1,AL,35005,42.26,30.97,14.52,6.45,5.81,0,3100
1,AL,35006,35.83,27.5,15.83,10,10.83,0,1200
1,AL,35007,34.09,22.19,15.24,11.22,15.24,2.01,11940
1,AL,35010,45.76,26.17,11.25,6.7,7.84,2.28,7910
1,AL,35014,40.74,28.4,12.96,8.64,7.41,1.85,1620
1,AL,35016,39.41,24.26,14.87,9.54,10.1,1.82,7130
1,AL,35019,40.45,28.09,15.73,6.74,8.99,0,890
1,AL,35020,60.22,27.29,7.96,2.54,1.77,0.22,9050
1,AL,35022,33.06,24.8,16.43,10.41,13.27,2.04,9800
1,AL,35023,36.72,28.96,15.42,9.25,8.96,0.7,10050
1,AL,35031,41.61,28.32,15.03,8.04,6.29,0.7,2860
1,AL,35033,33.33,27.54,15.22,10.87,10.14,2.9,1380
1,AL,35034,50.36,26.62,11.51,5.76,5.76,0,1390
1,AL,35035,40.35,26.32,14.04,8.77,10.53,0,570
1,AL,35040,31.09,28.85,18.58,10.41,10.01,1.05,7590
1,AL,35042,40.45,25.91,14.55,8.64,9.55,0.91,2200
1,AL,35043,25.84,16.17,13.61,14,25.05,5.33,5070
1,AL,35044,45.42,26.47,12.75,7.19,7.19,0.98,3060
1,AL,35045,42.55,25.82,13.64,8.36,8.36,1.27,5500
1,AL,35046,37.02,25.11,14.04,9.79,12.34,1.7,2350
1,AL,35049,33.55,28.39,16.13,11.61,10.32,0,1550
1,AL,35051,38.6,22.49,12.46,9.73,13.07,3.65,3290
1,AL,35053,32.38,23.81,16.19,10.48,13.33,3.81,1050
1,AL,35054,34.07,20.88,14.29,11.54,15.38,3.85,1820
1,AL,35055,39.62,25.91,13.84,9.06,9.31,2.26,7950
1,AL,35057,38,25.71,13.99,9.45,10.59,2.27,5290
1,AL,35058,40.52,25.59,13.74,9,9,2.13,4220
1,AL,35060,56.25,31.25,12.5,0,0,0,160
1,AL,35061,48.44,28.13,14.06,4.69,4.69,0,640
1,AL,35062,36.02,23.29,16.15,11.18,12.11,1.24,3220
1,AL,35063,40,29.17,14.17,8.33,8.33,0,1200
1,AL,35064,51.63,28.6,10.47,4.88,4.42,0,4300
1,AL,35068,32.71,30.85,18.62,8.78,8.24,0.8,3760
1,AL,35071,29.95,24.33,16.18,11.36,15.51,2.67,7480
1,AL,35072,42.86,31.32,12.09,8.24,5.49,0,1820
1,AL,35073,39.78,33.33,13.98,7.53,5.38,0,930
1,AL,35077,42.42,28.41,13.44,8.45,6.72,0.58,5210
1,AL,35078,40.23,26.44,12.64,9.2,11.49,0,870
1,AL,35079,32.46,24.27,19.01,12.57,10.53,1.17,3420
1,AL,35080,27.04,18.11,15.82,13.52,22.19,3.32,7840
1,AL,35083,38.33,28.33,15.83,9.17,8.33,0,1200
1,AL,35085,39.41,27.65,15,8.53,8.53,0.88,3400
1,AL,35087,46.43,23.81,14.29,8.33,7.14,0,840
1,AL,35089,48,33.33,12,4,2.67,0,750
1,AL,35091,24.6,17.46,18.25,15.08,23.02,1.59,1260
1,AL,35094,36.25,25.28,15.74,9.38,11.13,2.23,6290
1,AL,35096,37.43,26.61,15.2,9.94,9.36,1.46,3420
1,AL,35097,33.77,25.97,19.48,11.69,9.09,0,770
1,AL,35098,41.07,25,12.5,10.71,10.71,0,560
1,AL,35111,28.26,21.52,17.79,13.49,16.79,2.15,6970
1,AL,35112,44.44,38.89,16.67,0,0,0,180
1,AL,35114,31.27,19.22,14.66,12.05,20.2,2.61,3070
1,AL,35115,44.62,24.62,13.46,7.5,8.46,1.35,5200
1,AL,35116,30.5,24,15,12,16,2.5,2000
1,AL,35117,26.87,23.88,17.54,12.69,16.42,2.61,2680
1,AL,35118,37.78,27.41,14.81,10.37,9.63,0,1350
1,AL,35120,33.88,25.04,17.35,11.13,11.46,1.15,6110
1,AL,35121,39.29,26.7,14.46,8.33,9.01,2.21,5880
1,AL,35124,28.82,21.57,15.17,10.83,18.33,5.29,11730
1,AL,35125,41.91,27.79,13.67,8.66,7.06,0.91,4390
1,AL,35126,33.16,26.11,16.42,11.26,12,1.05,9500
1,AL,35127,33.18,27.88,17.51,10.14,10.37,0.92,4340
1,AL,35128,34.19,23.65,14.29,10.54,14.29,3.04,4270
1,AL,35130,38.33,27.5,16.67,9.17,8.33,0,1200
1,AL,35131,39.19,29.73,15.54,8.11,7.43,0,1480
1,AL,35133,35.26,26.28,17.95,10.9,9.62,0,1560
1,AL,35135,32.1,23.46,18.52,11.11,14.81,0,810
1,AL,35136,36.92,26.15,16.92,9.23,10.77,0,650
1,AL,35143,38.71,25.81,12.9,9.68,10.48,2.42,1240
1,AL,35146,29.65,22.35,16.15,12.39,16.59,2.88,4520
1,AL,35147,27.63,21.93,16.67,12.28,17.54,3.95,2280
1,AL,35148,43.4,27.36,13.21,9.43,6.6,0,1060
1,AL,35149,45.83,33.33,20.83,0,0,0,240
1,AL,35150,44.52,27.52,12.82,7.06,7.06,1.01,6940
1,AL,35151,37.41,25.51,15.65,10.54,9.86,1.02,2940
1,AL,35160,45.66,28.72,12.5,6.71,5.37,1.03,9680
1,AL,35171,34.59,24.81,16.54,9.77,14.29,0,1330
1,AL,35172,38.39,28.57,16.96,8.04,8.04,0,1120
1,AL,35173,25.81,17.78,14.48,12.51,23.21,6.22,12710
1,AL,35175,35.44,24.76,14.56,10.19,13.11,1.94,2060
1,AL,35176,39.39,30.3,15.15,9.09,6.06,0,330
1,AL,35178,40.41,26.71,15.75,8.22,7.53,1.37,1460
1,AL,35179,38.61,25.74,16.09,9.12,8.58,1.88,3730
1,AL,35180,32.04,24.65,17.25,11.09,13.56,1.41,5680
1,AL,35183,35.71,28.57,14.29,10.71,10.71,0,280
1,AL,35184,38.46,29.33,15.87,9.13,6.25,0.96,2080
1,AL,35186,31.19,20.79,15.35,11.88,16.83,3.96,2020
1,AL,35188,31.62,24.79,18.8,11.97,12.82,0,1170
1,AL,35203,40,20,11.85,7.41,11.85,8.89,1350
1,AL,35204,64.62,25.63,6.69,1.95,1.11,0,3590
1,AL,35205,43.64,31.06,10.88,4.59,6.16,3.67,7630
1,AL,35206,56.97,28.02,9.04,3.37,2.6,0,6530
1,AL,35207,63.11,25.91,7.01,2.74,1.22,0,3280
1,AL,35208,58.72,29.19,7.77,2.59,1.73,0,5790
1,AL,35209,33.58,22.22,11.78,7.69,15.29,9.44,11970
1,AL,35210,35.26,26.9,15.81,9.12,10.03,2.89,6580
1,AL,35211,57.4,27.43,8.77,3.39,2.54,0.47,10610
1,AL,35212,57.75,22.93,8.92,4.25,5.1,1.06,4710
1,AL,35213,21.82,15.23,11.57,6.88,18.01,26.5,6830
1,AL,35214,45.16,30.99,13.32,5.45,4.84,0.24,8260
1,AL,35215,51.05,29.89,10.88,4.56,3.41,0.2,19940
1,AL,35216,32.76,24.4,12.45,7.18,15.05,8.17,16150
1,AL,35217,55.67,27.44,9.34,3.98,3.18,0.4,5030
1,AL,35218,63.18,27.91,6.59,1.55,0.78,0,2580
1,AL,35221,56.42,32.4,7.82,2.23,1.12,0,1790
1,AL,35222,31.65,22.07,13.83,9.84,14.1,8.51,3760
1,AL,35223,20.8,10.58,8.39,6.75,21.72,31.75,5480
1,AL,35224,55.35,29.3,10.23,3.26,1.86,0,2150
1,AL,35226,22.39,16.84,13.76,11.77,25.41,9.84,16570
1,AL,35228,54.98,30.33,9.95,2.61,2.13,0,4220
1,AL,35233,32.95,23.86,19.32,9.09,10.23,4.55,880
1,AL,35234,63.87,27.75,5.76,1.57,1.05,0,1910
1,AL,35235,37.38,33.04,15.49,7.48,6.07,0.54,9230
1,AL,35242,24.87,16.95,11.6,8.87,21.9,15.8,25250
1,AL,35243,23.38,19.64,13.77,9.82,17.91,15.49,9880
1,AL,35244,25.35,19.7,12.92,9.85,22.71,9.47,15940
1,AL,35401,62.21,24.01,6.38,2.74,3.34,1.32,9870
1,AL,35404,50.82,27.18,10.87,4.68,5.18,1.26,7910
1,AL,35405,42.22,26.73,12.56,7.64,9.41,1.44,18070
1,AL,35406,24.74,15.89,11.24,9.9,22.19,16.04,6670
1,AL,35441,41.3,30.43,13.04,6.52,8.7,0,460
1,AL,35442,55.32,26.6,7.98,4.79,4.26,1.06,1880
1,AL,35443,60,26.15,10.77,0,3.08,0,650
1,AL,35444,37.75,27.81,15.89,10.6,7.95,0,1510
1,AL,35446,39.29,27.38,14.29,9.52,9.52,0,840
1,AL,35447,50,24.59,11.48,6.56,7.38,0,1220
1,AL,35452,37.58,23.57,17.2,9.55,12.1,0,1570
1,AL,35453,40.33,26.54,14.81,9.05,8.23,1.03,4860
1,AL,35456,42.54,26.52,14.36,8.29,7.18,1.1,1810
1,AL,35458,36.36,27.27,18.18,9.09,9.09,0,220
1,AL,35459,50,28.13,12.5,9.38,0,0,320
1,AL,35460,54.17,33.33,12.5,0,0,0,240
1,AL,35461,40,28.57,14.29,8.57,8.57,0,700
1,AL,35462,56.22,27.03,7.57,3.78,5.41,0,1850
1,AL,35463,37.66,27.27,15.58,9.09,10.39,0,770
1,AL,35464,70,20,10,0,0,0,200
1,AL,35466,36.16,26.34,15.63,10.27,11.61,0,2240
1,AL,35469,46.15,30.77,23.08,0,0,0,130
1,AL,35470,50.56,25,10,6.11,6.67,1.67,1800
1,AL,35473,32.21,26.44,15.75,10.69,12.8,2.11,7110
1,AL,35474,35.74,28.16,15.16,10.47,9.75,0.72,2770
1,AL,35475,26.86,20,15.91,13.43,19.85,3.94,6850
1,AL,35476,47.54,29.51,12.02,4.92,4.64,1.37,3660
1,AL,35480,31.88,27.54,13.04,13.04,14.49,0,690
1,AL,35481,46.88,25.78,13.28,7.03,7.03,0,1280
1,AL,35490,30.81,28.49,16.28,12.21,12.21,0,1720
1,AL,35501,47.68,25.61,11.99,7.08,6.54,1.09,3670
1,AL,35503,40.12,26.14,13.98,8.81,9.73,1.22,3290
1,AL,35504,33.47,23.96,14.65,11.29,13.66,2.97,5050
1,AL,35540,39.13,28.26,16.3,8.7,7.61,0,920
1,AL,35541,36.72,24.22,13.28,10.94,11.72,3.13,1280
1,AL,35542,38.64,29.55,13.64,11.36,6.82,0,440
1,AL,35543,50,26.32,18.42,0,5.26,0,380
1,AL,35544,43.48,26.09,17.39,13.04,0,0,230
1,AL,35546,36.05,30.61,16.33,8.84,8.16,0,1470
1,AL,35548,49.09,30.91,10.91,9.09,0,0,550
1,AL,35549,47.41,28.15,11.85,6.67,5.93,0,1350
1,AL,35550,41.76,26.92,14.29,7.69,8.24,1.1,1820
1,AL,35552,40,28.57,17.14,8.57,5.71,0,350
1,AL,35553,44.58,27.11,12.65,7.83,6.02,1.81,1660
1,AL,35554,39.02,26.83,17.07,7.32,9.76,0,410
1,AL,35555,43.41,26.65,13.46,7.97,7.14,1.37,3640
1,AL,35563,42.95,25.64,14.1,8.33,8.97,0,1560
1,AL,35564,44.87,29.49,14.1,6.41,5.13,0,780
1,AL,35565,47.77,26.96,12.95,5.73,5.31,1.27,4710
1,AL,35570,46.15,25.64,13.33,8.21,5.64,1.03,3900
1,AL,35571,42.42,30.3,12.12,15.15,0,0,330
1,AL,35572,36.84,31.58,15.79,5.26,10.53,0,380
1,AL,35574,35.71,28.57,17.86,8.93,8.93,0,560
1,AL,35575,40.54,27.03,13.51,10.81,8.11,0,370
1,AL,35576,36.84,26.32,17.54,9.65,9.65,0,1140
1,AL,35578,41.76,29.67,14.29,8.24,6.04,0,1820
1,AL,35579,40.17,29.06,14.53,7.69,8.55,0,1170
1,AL,35580,41.96,24.48,14.69,9.79,9.09,0,1430
1,AL,35581,47.15,26.94,13.47,6.74,5.7,0,1930
1,AL,35582,39.88,30.36,13.69,7.14,6.55,2.38,1680
1,AL,35584,56.25,25,18.75,0,0,0,160
1,AL,35585,42.62,22.95,14.75,11.48,8.2,0,610
1,AL,35586,43.67,27.22,13.92,8.86,6.33,0,1580
1,AL,35587,45.16,22.58,12.9,9.68,9.68,0,310
1,AL,35592,41.36,26.54,16.05,8.02,8.02,0,1620
1,AL,35593,38.81,31.34,14.93,8.96,5.97,0,670
1,AL,35594,41.2,26.06,13.73,8.8,8.8,1.41,2840
1,AL,35601,48.09,27.17,11.05,5.6,6.11,1.99,13580
1,AL,35603,35.41,22.22,13.48,10.25,15.34,3.3,13950
1,AL,35610,38.67,25.33,17.33,10.67,8,0,750
1,AL,35611,43.71,26.62,11.98,7.56,8.45,1.67,10180
1,AL,35613,27.65,18.58,14.82,12.28,22.01,4.65,9040
1,AL,35614,40.47,27.42,14.38,8.36,8.03,1.34,2990
1,AL,35616,41.1,26.71,15.75,8.22,8.22,0,1460
1,AL,35618,45.33,32,12,4,6.67,0,750
1,AL,35619,39.11,27.23,14.85,9.41,9.41,0,2020
1,AL,35620,37.87,25.87,15.2,9.87,10.13,1.07,3750
1,AL,35621,42.61,23.48,13.04,9.57,11.3,0,1150
1,AL,35622,41,27.2,13.79,8.43,8.81,0.77,2610
1,AL,35630,50.08,24.28,10.7,6.07,7.03,1.84,12520
1,AL,35633,38.62,23.69,14.94,10.27,10.5,1.98,8570
1,AL,35634,36.22,20.44,15.11,9.33,13.56,5.33,4500
1,AL,35640,36.7,23.88,14.33,10.21,12.92,1.97,10680
1,AL,35643,44.62,30,11.54,6.15,7.69,0,1300
1,AL,35645,33.63,21.54,15.41,11.21,14.89,3.33,5710
1,AL,35646,41.21,28.02,13.74,7.14,8.24,1.65,1820
1,AL,35647,32.56,30.23,13.95,13.95,9.3,0,430
1,AL,35648,36.77,23.87,17.42,10.97,10.97,0,1550
1,AL,35650,40.51,24.82,14.78,9.12,9.85,0.91,5480
1,AL,35651,39.53,25.58,16.28,11.63,6.98,0,430
1,AL,35652,35.91,23.15,16.91,10.39,11.57,2.08,3370
1,AL,35653,43.76,31.07,11.16,6.56,6.13,1.31,4570
1,AL,35654,44.92,27.87,12.79,7.54,6.23,0.66,3050
1,AL,35660,48.02,28.23,11.08,6.07,5.54,1.06,3790
1,AL,35661,35.94,23.18,15.23,10.55,12.37,2.73,7680
1,AL,35670,39.75,22.71,15.46,9.78,10.73,1.58,3170
1,AL,35671,43.96,27.47,10.99,6.59,8.79,2.2,910
1,AL,35672,38.27,28.81,13.58,9.05,10.29,0,2430
1,AL,35673,36.84,25.44,14.62,11.11,10.82,1.17,3420
1,AL,35674,40.05,25.13,13.52,9.18,10.46,1.66,7840
1,AL,35677,41.67,27.78,15.28,6.94,8.33,0,720
1,AL,35739,37.26,25.94,14.62,9.91,11.32,0.94,2120
1,AL,35740,41.04,29.1,13.43,8.21,8.21,0,1340
1,AL,35741,28.08,19.18,13.01,8.9,18.49,12.33,1460
1,AL,35744,44.09,27.96,13.98,8.6,5.38,0,930
1,AL,35746,40,28.57,17.14,14.29,0,0,350
1,AL,35747,39.09,23.46,13.99,9.47,11.93,2.06,2430
1,AL,35748,33.55,19.49,11.82,8.31,19.49,7.35,3130
1,AL,35749,29.83,20.66,14.78,11.93,19.86,2.94,11230
1,AL,35750,37.01,24.79,14.6,10.19,12.05,1.36,5890
1,AL,35752,45.12,26.83,12.2,6.1,9.76,0,820
1,AL,35754,41.1,24.66,12.33,8.68,10.96,2.28,2190
1,AL,35755,40.74,29.63,18.52,0,11.11,0,270
1,AL,35756,24.4,16.8,14.13,12.67,25.73,6.27,7500
1,AL,35757,27.35,18.23,14.69,12.11,23.4,4.22,7350
1,AL,35758,29.1,16.46,11.46,10.75,24.34,7.88,21200
1,AL,35759,27.83,20.2,16.75,13.3,19.21,2.71,4060
1,AL,35760,39.71,25.84,15.31,8.61,9.57,0.96,2090
1,AL,35761,32.16,23.53,15.29,10.39,15.88,2.75,5100
1,AL,35763,22.8,13.51,11.28,10.9,30.73,10.78,8070
1,AL,35764,43.48,30.43,17.39,8.7,0,0,230
1,AL,35765,43.75,26.39,14.58,6.94,8.33,0,1440
1,AL,35768,42.46,28.45,12.53,7.43,7.43,1.7,4710
1,AL,35769,36.75,23.63,13.84,7.88,13.6,4.3,4190
1,AL,35771,41.3,29.71,13.77,7.97,7.25,0,1380
1,AL,35772,43.24,28.65,12.43,8.65,7.03,0,1850
1,AL,35773,37.64,25.82,13.64,8.91,12.18,1.82,5500
1,AL,35775,53.33,23.33,16.67,0,6.67,0,300
1,AL,35776,39.86,27.54,15.94,9.42,7.25,0,1380
1,AL,35801,28.29,17.31,13.16,10.19,20.08,10.98,10110
1,AL,35802,31.53,19.33,11.83,9.94,19.6,7.77,11070
1,AL,35803,28.58,18.55,14.33,12.37,21.27,4.9,13260
1,AL,35805,65.38,24.28,6.13,2.4,1.8,0,8320
1,AL,35806,32.74,20.57,13.51,9.39,18.69,5.1,11180
1,AL,35808,16.28,13.95,16.28,13.95,34.88,4.65,430
1,AL,35810,52.85,27.98,10.21,4.52,4.07,0.37,13510
1,AL,35811,35.04,21.55,14.29,11.01,15.56,2.55,12530
1,AL,35816,64.72,23.4,6.21,3.01,2.3,0.35,5640
1,AL,35824,24.88,20.57,14.59,11.72,22.97,5.26,4180
1,AL,35901,48.09,23.16,10.9,6.27,7.49,4.09,7340
1,AL,35903,48.39,25.95,12.76,6.73,5.61,0.56,7130
1,AL,35904,48.75,27.26,12.48,6.14,4.8,0.58,5210
1,AL,35905,38.2,25.84,14.98,8.99,10.49,1.5,2670
1,AL,35906,39.82,24.61,14.54,8.5,10.29,2.24,4470
1,AL,35907,28.91,23.08,16.71,13.79,15.38,2.12,3770
1,AL,35950,47.69,29.68,10.51,5.54,5.54,1.04,8660
1,AL,35951,50.3,26.76,11.27,5.84,4.63,1.21,4970
1,AL,35952,42.86,25.94,16.17,7.89,7.14,0,2660
1,AL,35953,38.36,26.71,15.07,8.9,9.59,1.37,2920
1,AL,35954,48.83,26.33,13.16,6.58,4.46,0.64,4710
1,AL,35956,42.14,26.41,15.13,8.01,7.42,0.89,3370
1,AL,35957,47.55,26.7,12.16,6.95,5.37,1.26,6330
1,AL,35958,42.24,25,16.38,8.62,7.76,0,1160
1,AL,35959,44.63,24.29,14.12,7.91,7.91,1.13,1770
1,AL,35960,41.62,25.41,12.97,8.65,9.73,1.62,3700
1,AL,35961,49.56,30.53,9.73,5.31,3.98,0.88,2260
1,AL,35962,47.71,29.39,12.6,5.73,3.82,0.76,2620
1,AL,35963,45.16,29.03,12.9,6.45,6.45,0,620
1,AL,35966,40.6,28.57,15.04,8.27,7.52,0,1330
1,AL,35967,45.21,27.89,12.54,6.93,6.11,1.32,6060
1,AL,35968,39.37,29.41,14.48,7.69,7.69,1.36,2210
1,AL,35971,47.13,25.86,13.22,7.47,5.17,1.15,1740
1,AL,35972,38.78,28.57,14.29,8.16,10.2,0,490
1,AL,35973,47.12,25.96,13.46,7.69,5.77,0,1040
1,AL,35974,43.84,28.77,12.33,8.22,6.85,0,730
1,AL,35975,42.11,28.95,15.79,5.26,7.89,0,380
1,AL,35976,41.46,21.95,12.91,8.46,10.62,4.59,6970
1,AL,35978,43.5,28.5,14,7,7,0,2000
1,AL,35979,45.45,27.27,14.55,7.27,5.45,0,550
1,AL,35980,48.89,26.67,12.22,7.22,5,0,1800
1,AL,35981,41.03,25.64,16.67,8.97,7.69,0,780
1,AL,35983,41.55,26.06,14.79,8.45,9.15,0,1420
1,AL,35984,41.46,24.39,14.63,8.54,10.98,0,820
1,AL,35986,42.54,26.03,14.29,8.25,7.62,1.27,3150
1,AL,35987,41.05,27.37,14.74,8.42,8.42,0,950
1,AL,35988,44.93,28.99,13.04,7.25,5.8,0,690
1,AL,35989,45.97,26.61,11.29,6.45,8.06,1.61,1240
1,AL,36003,48,24,12,6.67,9.33,0,750
1,AL,36005,39.39,28.79,13.64,9.09,9.09,0,660
1,AL,36006,41.07,25,16.07,8.93,8.93,0,560
1,AL,36009,43.81,24.76,12.38,9.52,9.52,0,1050
1,AL,36010,51.18,27.01,9.95,5.69,6.16,0,2110
1,AL,36013,33.33,14.29,19.05,0,33.33,0,210
1,AL,36016,50,27.5,10.83,5.83,5.83,0,1200
1,AL,36017,52.83,26.42,9.43,5.66,5.66,0,530
1,AL,36020,43.4,28.3,11.32,7.55,9.43,0,530
1,AL,36022,29.79,20.73,16.55,14.29,17.07,1.57,5740
1,AL,36024,38.08,24.62,14.62,9.23,10.77,2.69,2600
1,AL,36025,40,27.27,13.94,9.09,9.7,0,1650
1,AL,36026,30.23,25.58,16.28,11.63,11.63,4.65,430
1,AL,36027,50.25,24.37,10.08,5.88,8.24,1.18,5950
1,AL,36028,44.29,28.57,12.86,7.14,7.14,0,700
1,AL,36029,39.47,26.32,15.79,0,18.42,0,380
1,AL,36030,50,20,15,15,0,0,200
1,AL,36032,53.77,29.25,9.43,3.77,3.77,0,1060
1,AL,36033,47.71,28.76,11.11,5.88,6.54,0,1530
1,AL,36034,41.94,29.03,12.9,16.13,0,0,310
1,AL,36035,39.24,26.58,15.19,8.86,10.13,0,790
1,AL,36036,43.04,31.65,11.39,6.33,7.59,0,790
1,AL,36037,49.45,25.65,10.52,6.46,6.83,1.11,5420
1,AL,36040,55.77,30.77,8.33,2.56,2.56,0,1560
1,AL,36041,37.5,32.14,14.29,8.93,7.14,0,560
1,AL,36042,37.5,30.36,14.29,10.71,7.14,0,560
1,AL,36043,38.04,25.77,13.5,9.82,11.04,1.84,1630
1,AL,36046,44.64,26.79,12.5,8.93,7.14,0,560
1,AL,36047,47.37,26.32,12.28,7.02,7.02,0,570
1,AL,36048,55.56,24.07,9.26,5.56,5.56,0,540
1,AL,36049,43.44,27.15,12.67,8.14,7.24,1.36,2210
1,AL,36051,42.11,27.37,12.63,7.37,10.53,0,950
1,AL,36052,30.77,20.51,10.26,10.26,20.51,7.69,390
1,AL,36053,55.26,30.26,7.89,2.63,3.95,0,760
1,AL,36054,36.6,26.8,14.55,9.19,11.49,1.38,6530
1,AL,36064,24.27,17.22,13.28,12.86,23.65,8.71,4820
1,AL,36066,31.86,23.02,15.87,12.24,15.31,1.7,8820
1,AL,36067,39.28,23.17,14.12,8.78,12.76,1.9,11050
1,AL,36069,41.03,28.21,12.82,8.97,8.97,0,780
1,AL,36071,51.52,27.27,12.12,9.09,0,0,330
1,AL,36075,47.13,31.03,9.2,5.75,6.9,0,870
1,AL,36078,40.91,25.82,14.73,8,9.09,1.45,5500
1,AL,36079,42.42,25.07,12.95,7.99,9.64,1.93,3630
1,AL,36080,30.77,25,13.46,12.5,15.38,2.88,1040
1,AL,36081,50.35,22.65,9.76,7.14,7.84,2.26,5740
1,AL,36083,54.17,28.27,9.52,4.17,3.87,0,3360
1,AL,36088,59.41,26.73,7.92,2.97,2.97,0,1010
1,AL,36089,56.95,27.46,8.14,3.39,3.05,1.02,2950
1,AL,36091,39.58,29.17,13.19,9.03,7.64,1.39,1440
1,AL,36092,39.49,26.18,14.58,8.84,9.64,1.26,8710
1,AL,36093,24.45,19.48,15.9,13.52,22.47,4.17,5030
1,AL,36104,59.47,21.59,7.58,3.79,5.3,2.27,2640
1,AL,36105,57.71,25.7,7.71,3.5,4.67,0.7,4280
1,AL,36106,34.61,24.5,14.85,8.73,11.94,5.36,6530
1,AL,36107,57.95,28.48,7.95,2.98,2.65,0,3020
1,AL,36108,61.24,26.19,7.41,2.78,2.38,0,7560
1,AL,36109,36.87,28.53,15.13,8.97,9.42,1.09,11040
1,AL,36110,63.25,26.28,6.2,2.35,1.92,0,4680
1,AL,36111,44.91,24.91,10.7,5.26,8.07,6.14,5700
1,AL,36112,0,0,100,0,0,0,40
1,AL,36113,34.48,20.69,10.34,10.34,24.14,0,290
1,AL,36115,32,40,16,12,0,0,250
1,AL,36116,48.8,27.79,10.89,5.14,5.85,1.53,18280
1,AL,36117,32.48,25.32,14.54,9.35,13.38,4.92,22350
1,AL,36201,54.87,28.44,10.2,3.86,2.63,0,6470
1,AL,36203,37.59,26.61,14.92,9.31,9.79,1.79,8380
1,AL,36205,46.43,21.43,10.71,7.14,14.29,0,280
1,AL,36206,43.64,29.17,14.47,6.8,5.48,0.44,4560
1,AL,36207,36.96,25.48,13.89,9.3,10.87,3.5,8280
1,AL,36250,32.67,24.26,20.3,10.89,10.89,0.99,2020
1,AL,36251,40.38,29.81,14.42,7.21,7.21,0.96,2080
1,AL,36255,36.84,26.32,18.42,10.53,7.89,0,380
1,AL,36256,37.7,27.87,16.39,9.84,8.2,0,610
1,AL,36258,41.94,24.19,16.13,8.06,9.68,0,620
1,AL,36260,38.13,30,15.63,10,6.25,0,1600
1,AL,36262,48.08,23.08,13.46,7.69,7.69,0,520
1,AL,36263,36,24,16,12,12,0,250
1,AL,36264,38.82,25.88,16.76,9.41,7.94,1.18,3400
1,AL,36265,42.3,23.37,14.49,9.01,9.4,1.44,7660
1,AL,36266,43.44,27.6,13.57,7.24,6.79,1.36,2210
1,AL,36268,40.27,27.6,15.38,8.14,7.69,0.9,2210
1,AL,36269,41.3,26.09,15.22,8.7,8.7,0,460
1,AL,36271,38.24,24.79,16.81,10.5,8.82,0.84,2380
1,AL,36272,43.8,27.56,14.32,7.48,6.2,0.64,4680
1,AL,36273,35.92,25.24,16.5,10.68,11.65,0,1030
1,AL,36274,48.72,27.97,11.66,5.83,5.13,0.7,4290
1,AL,36276,43.68,28.74,11.49,6.9,9.2,0,870
1,AL,36277,36.91,29.61,17.6,9.01,6.87,0,2330
1,AL,36278,40.32,25.81,12.9,7.53,10.75,2.69,1860
1,AL,36279,38.46,28.85,15.38,8.65,8.65,0,1040
1,AL,36280,41.55,24.65,15.49,8.45,9.86,0,1420
1,AL,36301,47.11,25.1,11.76,6.5,7.75,1.77,15220
1,AL,36303,47.84,23.05,9.76,6.22,9.13,4.01,12710
1,AL,36305,31.31,22.75,13.74,10.64,15.51,6.06,6770
1,AL,36310,45.38,27.31,12.18,6.3,7.56,1.26,2380
1,AL,36311,41.35,25,13.46,8.65,11.54,0,1040
1,AL,36312,40.08,26.16,12.66,9.7,9.7,1.69,2370
1,AL,36314,40.91,31.82,9.09,9.09,9.09,0,220
1,AL,36316,37.84,24.32,12.16,12.16,13.51,0,740
1,AL,36317,50,37.5,0,12.5,0,0,160
1,AL,36318,38.78,24.49,14.29,10.2,12.24,0,490
1,AL,36319,36.78,22.99,16.09,10.34,13.79,0,870
1,AL,36320,46.56,26.72,12.21,6.87,7.63,0,1310
1,AL,36321,42.67,29.33,13.33,6.67,8,0,750
1,AL,36322,45.27,25.15,11.83,9.17,7.69,0.89,3380
1,AL,36323,44.21,25.96,12.98,8.07,7.72,1.05,2850
1,AL,36330,36.98,22.35,14.09,10.27,14.09,2.21,14900
1,AL,36340,46.5,25,13,7.5,6.5,1.5,2000
1,AL,36343,50.85,27.12,10.17,5.08,6.78,0,590
1,AL,36344,45.19,23.56,12.98,9.13,9.13,0,2080
1,AL,36345,39.89,22.79,12.54,9.69,12.82,2.28,3510
1,AL,36346,40.35,22.81,15.79,8.77,12.28,0,570
1,AL,36350,42.76,25.25,13.47,7.74,9.43,1.35,2970
1,AL,36351,37.76,22.38,16.08,11.19,11.19,1.4,1430
1,AL,36352,38.97,22.07,14.55,10.33,12.68,1.41,2130
1,AL,36353,42.68,24.39,13.41,8.54,10.98,0,820
1,AL,36360,44.29,22.86,12.86,9.87,9.09,1.04,7700
1,AL,36362,20,44,19.33,9.33,7.33,0,1500
1,AL,36370,42.11,23.68,13.16,13.16,7.89,0,380
1,AL,36371,36.36,31.82,18.18,0,13.64,0,220
1,AL,36373,52.38,28.57,19.05,0,0,0,210
1,AL,36374,36.17,25.53,14.89,10.64,12.77,0,470
1,AL,36375,45.13,26.35,12.27,7.94,7.22,1.08,2770
1,AL,36376,49.44,24.72,13.48,6.74,5.62,0,890
1,AL,36401,53.68,24.56,10.18,5.96,4.56,1.05,2850
1,AL,36420,45.68,24.09,12.27,7.27,8.41,2.27,4400
1,AL,36421,39.03,25.07,13.39,8.83,11.11,2.56,3510
1,AL,36425,50,29.41,11.76,8.82,0,0,340
1,AL,36426,43.62,25.53,12.94,8.16,8.51,1.24,5640
1,AL,36432,48.35,27.47,10.99,8.79,4.4,0,910
1,AL,36435,60,25,15,0,0,0,200
1,AL,36436,47.37,21.05,15.79,15.79,0,0,190
1,AL,36439,37.93,24.14,13.79,10.34,13.79,0,290
1,AL,36441,41.1,26.03,14.38,9.59,8.9,0,1460
1,AL,36442,50,26.36,11.82,5.45,6.36,0,1100
1,AL,36444,47.62,23.81,14.29,14.29,0,0,210
1,AL,36445,45.03,25.17,13.91,7.95,7.95,0,1510
1,AL,36446,45.45,22.73,18.18,13.64,0,0,220
1,AL,36451,41.05,22.11,14.74,9.47,10.53,2.11,1900
1,AL,36453,40.23,28.74,11.49,8.05,11.49,0,870
1,AL,36455,53.85,23.08,23.08,0,0,0,130
1,AL,36456,44.44,29.17,12.5,6.94,6.94,0,720
1,AL,36460,46.55,21.92,11.41,7.81,10.21,2.1,3330
1,AL,36467,47.33,25.4,10.96,7.49,7.49,1.34,3740
1,AL,36471,51.28,28.21,10.26,5.13,5.13,0,390
1,AL,36474,43.12,25.69,12.84,9.17,9.17,0,1090
1,AL,36475,45.95,25.68,12.16,8.11,8.11,0,740
1,AL,36477,45.34,26.09,13.04,6.83,6.83,1.86,1610
1,AL,36480,37.14,25.71,15.71,11.43,10,0,700
1,AL,36481,63.64,36.36,0,0,0,0,110
1,AL,36482,52.63,28.95,10.53,7.89,0,0,380
1,AL,36483,50,22.22,11.11,16.67,0,0,180
1,AL,36502,47.53,26.15,12.17,6.58,6.58,0.99,6080
1,AL,36505,36.07,24.59,14.75,11.48,13.11,0,610
1,AL,36507,42.03,25.7,12.78,8.73,9.24,1.52,7900
1,AL,36509,62.65,16.87,10.84,4.82,4.82,0,830
1,AL,36511,50,23.68,18.42,0,7.89,0,380
1,AL,36513,42.86,28.57,14.29,14.29,0,0,280
1,AL,36518,33.98,20.39,15.53,12.62,14.56,2.91,1030
1,AL,36521,39.18,21.65,14.95,11.86,10.82,1.55,1940
1,AL,36522,43.01,22.22,16.49,8.96,9.32,0,2790
1,AL,36523,47.57,22.33,11.65,7.77,7.77,2.91,1030
1,AL,36524,47.62,23.81,9.52,7.14,11.9,0,420
1,AL,36525,39.02,23.17,13.41,8.54,15.85,0,820
1,AL,36526,30.64,21.34,14.65,11.17,17.79,4.41,14950
1,AL,36527,27.41,15.51,13.55,11.14,23.95,8.43,6640
1,AL,36528,32.47,19.48,14.29,12.99,16.88,3.9,770
1,AL,36529,36.36,22.73,18.18,9.09,13.64,0,220
1,AL,36530,42.2,25.38,12.54,8.87,8.87,2.14,3270
1,AL,36532,31.98,18.84,13.06,10.49,17.56,8.07,14010
1,AL,36535,44.67,26.02,13.09,7.76,7.37,1.1,12760
1,AL,36538,57.14,28.57,0,14.29,0,0,140
1,AL,36539,40.74,22.22,14.81,7.41,14.81,0,270
1,AL,36540,55.26,26.32,10.53,7.89,0,0,380
1,AL,36541,40.17,23.83,14.78,9.22,10.26,1.74,5750
1,AL,36542,39.43,22.73,13.04,9.22,12.24,3.34,6290
1,AL,36544,47.54,24.11,13.62,7.37,6.7,0.67,4480
1,AL,36545,42.94,23.82,12.74,9.14,9.7,1.66,3610
1,AL,36548,34.78,23.91,13.04,10.87,17.39,0,460
1,AL,36549,36.12,26.87,14.98,10.13,10.13,1.76,2270
1,AL,36551,39.43,24.48,15.21,9.54,10.05,1.29,3880
1,AL,36553,44.35,26.61,12.1,8.06,8.87,0,1240
1,AL,36555,37.1,20.97,12.9,9.68,12.9,6.45,620
1,AL,36556,41.67,41.67,0,16.67,0,0,120
1,AL,36558,36.92,23.85,15.38,10.77,11.54,1.54,1300
1,AL,36559,34.15,12.2,12.2,7.32,17.07,17.07,410
1,AL,36560,53.85,23.08,12.31,6.15,4.62,0,1300
1,AL,36561,33.67,20.25,12.91,9.11,15.95,8.1,3950
1,AL,36562,39.13,27.54,17.39,7.25,8.7,0,690
1,AL,36564,26.53,14.29,12.24,8.16,18.37,20.41,490
1,AL,36567,42.14,26.77,14.51,8.12,7.43,1.04,5790
1,AL,36568,47.37,26.32,26.32,0,0,0,190
1,AL,36569,36.36,21.21,15.15,12.12,15.15,0,330
1,AL,36571,35.47,23.36,14.31,10.66,14.16,2.04,6850
1,AL,36572,29.66,22.76,16.9,13.1,16.21,1.38,2900
1,AL,36574,37.5,25,14.29,8.93,14.29,0,560
1,AL,36575,35.34,26.03,16.61,10.95,10.13,0.94,8490
1,AL,36576,39.9,24.75,16.67,8.59,9.09,1.01,1980
1,AL,36578,32.93,20.73,15.85,13.41,17.07,0,820
1,AL,36579,35.21,28.17,15.49,8.45,12.68,0,710
1,AL,36580,43.82,27.09,12.75,7.57,7.17,1.59,2510
1,AL,36582,44.14,24.42,13.61,7.71,8.31,1.8,9990
1,AL,36583,26.92,23.08,19.23,11.54,19.23,0,260
1,AL,36584,37.5,20.83,16.67,12.5,12.5,0,240
1,AL,36585,35.9,23.08,20.51,7.69,12.82,0,390
1,AL,36587,42.79,24.94,13.69,9.05,8.56,0.98,4090
1,AL,36590,42.86,25,10.71,10.71,10.71,0,280
1,AL,36602,33.33,24.44,13.33,11.11,11.11,6.67,450
1,AL,36603,68,21.6,5.6,2.8,2,0,2500
1,AL,36604,44.73,22.88,11.31,6.94,10.54,3.6,3890
1,AL,36605,62.08,22.13,8.26,3.58,3.03,0.92,10890
1,AL,36606,51.93,25.65,10.21,5.35,5.35,1.49,8030
1,AL,36607,48.69,25.84,10.49,4.12,6.74,4.12,2670
1,AL,36608,41.89,23.09,11.02,6.73,10.03,7.26,15160
1,AL,36609,45.05,26.31,12.14,6.89,7.57,2.04,10300
1,AL,36610,72.26,21.65,4.38,0.97,0.73,0,4110
1,AL,36611,54.62,26.89,10.92,5.04,2.52,0,2380
1,AL,36612,69.14,22.22,6.17,2.47,0,0,1620
1,AL,36613,50.31,26.21,12.16,6.08,5.24,0,4770
1,AL,36616,32,32,12,8,8,8,250
1,AL,36617,64.27,24.27,7.57,2.33,1.55,0,5150
1,AL,36618,46.52,27.86,12.75,6.44,5.78,0.66,7610
1,AL,36619,39.25,24.96,13.34,8.16,11.3,2.98,6370
1,AL,36693,36.58,24.5,14.77,8.56,11.96,3.63,8530
1,AL,36695,31.86,22.71,14.98,10.95,15.79,3.7,21090
1,AL,36701,51.39,25.23,10.76,5.44,5.79,1.39,8640
1,AL,36703,60.28,23.79,7.85,3.93,4.16,0,4330
1,AL,36720,67.74,22.58,9.68,0,0,0,310
1,AL,36722,53.33,26.67,20,0,0,0,150
1,AL,36726,53.11,23.73,8.47,5.65,7.34,1.69,1770
1,AL,36728,52.17,39.13,0,8.7,0,0,230
1,AL,36732,45.87,24.22,10.26,7.69,9.69,2.28,3510
1,AL,36736,48.98,28.57,10.2,6.12,6.12,0,490
1,AL,36738,54.05,24.32,10.81,10.81,0,0,370
1,AL,36740,56.52,23.91,6.52,6.52,6.52,0,460
1,AL,36742,42.55,25.53,10.64,7.45,13.83,0,940
1,AL,36744,53.33,26.27,9.41,5.49,5.49,0,2550
1,AL,36748,44.88,24.41,11.81,8.66,10.24,0,1270
1,AL,36749,46.15,30.77,10.26,5.13,7.69,0,390
1,AL,36750,40.35,25.44,14.91,9.65,9.65,0,1140
1,AL,36751,60,25.71,14.29,0,0,0,350
1,AL,36752,38.03,28.17,12.68,8.45,12.68,0,710
1,AL,36756,54.23,24.38,10.95,4.98,5.47,0,2010
1,AL,36758,42.31,26.92,15.38,7.69,7.69,0,520
1,AL,36759,53.85,24.62,12.31,4.62,4.62,0,650
1,AL,36761,47.5,27.5,12.5,12.5,0,0,400
1,AL,36765,56.25,27.08,12.5,0,4.17,0,480
1,AL,36767,60.87,26.09,10.14,0,2.9,0,690
1,AL,36768,53.33,26.67,10,10,0,0,300
1,AL,36769,55.86,23.42,9.91,5.41,5.41,0,1110
1,AL,36773,57.14,28.57,14.29,0,0,0,140
1,AL,36775,48.39,29.03,9.68,12.9,0,0,310
1,AL,36776,56.67,30,8.33,5,0,0,600
1,AL,36782,41.18,29.41,14.12,5.88,9.41,0,850
1,AL,36783,43.75,21.88,15.63,9.38,9.38,0,320
1,AL,36784,43.51,22.73,13.64,8.12,10.71,1.3,3080
1,AL,36785,50,31.25,10.42,0,8.33,0,480
1,AL,36786,67.5,23.33,5.83,3.33,0,0,1200
1,AL,36790,30,30,20,20,0,0,100
1,AL,36792,34.78,30.43,17.39,8.7,8.7,0,460
1,AL,36793,33.33,28.57,19.05,19.05,0,0,210
1,AL,36801,44.2,25.67,12.32,7.35,8.28,2.17,9660
1,AL,36804,41.49,28.15,13.59,7.59,7.71,1.47,8170
1,AL,36830,35.15,19.02,11.41,9.45,17.73,7.24,16300
1,AL,36832,51.68,21.94,8.75,6.12,9.35,2.16,8340
1,AL,36850,50.47,29.91,11.21,4.67,3.74,0,1070
1,AL,36852,43.3,30.93,15.46,6.19,4.12,0,970
1,AL,36853,39.03,24.22,11.97,9.12,11.4,4.27,3510
1,AL,36854,45.26,27.82,13.38,6.77,6.17,0.6,6650
1,AL,36855,42.59,25.93,16.67,7.41,7.41,0,540
1,AL,36856,34.66,31.05,16.25,9.75,8.3,0,2770
1,AL,36858,47.37,26.32,15.79,10.53,0,0,190
1,AL,36860,50.82,32.79,9.84,3.28,3.28,0,610
1,AL,36861,37.5,25.74,12.5,8.09,11.76,4.41,1360
1,AL,36862,50,28.99,10.08,5.04,5.88,0,2380
1,AL,36863,52.99,25.57,10.1,5.15,4.95,1.24,4850
1,AL,36865,41.67,33.33,25,0,0,0,120
1,AL,36866,41.56,31.17,12.99,7.14,7.14,0,1540
1,AL,36867,45.73,26.43,11.7,6.78,7.95,1.4,8550
1,AL,36869,50.89,29.57,10.53,4.95,3.68,0.38,7880
1,AL,36870,35.96,29.95,16.31,9.63,7.62,0.53,7480
1,AL,36871,50,26.19,9.52,4.76,9.52,0,420
1,AL,36874,35.57,26.33,15.97,8.96,11.2,1.96,3570
1,AL,36875,41.94,28.49,14.52,7.53,6.45,1.08,1860
1,AL,36877,36.69,25.81,14.92,9.88,11.09,1.61,4960
1,AL,36879,30.69,18.81,12.87,9.9,22.77,4.95,1010
1,AL,36901,61.54,38.46,0,0,0,0,130
1,AL,36904,41.18,22.22,14.38,10.46,9.8,1.96,1530
1,AL,36907,54.1,26.23,9.84,4.92,4.92,0,610
1,AL,36908,34.48,20.69,19.54,12.64,12.64,0,870
1,AL,36912,49.3,28.17,12.68,5.63,4.23,0,710
1,AL,36915,38.1,28.57,14.29,19.05,0,0,210
1,AL,36916,47.83,17.39,13.04,8.7,13.04,0,230
1,AL,36919,42.47,27.4,12.33,6.85,10.96,0,730
1,AL,36921,37.5,25,15,10,12.5,0,400
1,AL,36922,50,31.82,9.09,9.09,0,0,220
1,AL,36925,63.03,24.37,7.56,2.52,2.52,0,1190
34,NJ,7001,29.9,22.5,16.55,13.21,15.97,1.89,6890
34,NJ,7002,35.31,24.7,15.95,9.41,12.15,2.49,31780
34,NJ,7003,29.26,23.73,17.37,10.89,15.26,3.49,26080
34,NJ,7004,25.94,15.96,12.22,10.97,22.94,11.97,4010
34,NJ,7005,26.64,17.05,13.13,9.85,20.83,12.5,7920
34,NJ,7006,22.73,13.97,12.08,9.08,23.84,18.31,12670
34,NJ,7008,38.92,25.17,15.5,9,10.42,1,12000
34,NJ,7009,23.16,14.52,12.72,10.6,25.61,13.38,6130
34,NJ,7010,34.68,20.59,14.26,9.28,14.94,6.24,11850
34,NJ,7011,42.86,28.52,13.69,7.19,6.99,0.75,20020
34,NJ,7012,24.54,20.4,18.1,12.42,19.17,5.37,6520
34,NJ,7013,27.63,20.11,15.53,11.35,19.63,5.75,14620
34,NJ,7014,26.18,21.09,15.64,12.73,19.27,5.09,2750
34,NJ,7016,23.43,13.13,11.76,9.96,25.92,15.79,11650
34,NJ,7017,45.2,31.06,13.49,5.58,4.32,0.36,16680
34,NJ,7018,46.72,30.53,12.98,5.57,3.89,0.31,13100
34,NJ,7020,19.74,14.03,13.7,10.77,24.96,16.8,6130
34,NJ,7021,20.91,8.18,8.18,6.36,18.18,38.18,1100
34,NJ,7022,47.27,24.44,12.86,6.91,7.23,1.29,6220
34,NJ,7023,22.71,11.63,10.53,8.59,29.64,16.9,3610
34,NJ,7024,25.99,17.59,14.84,11.57,20.18,9.83,18930
34,NJ,7026,40.69,28.37,15.79,7.4,7.01,0.72,15260
34,NJ,7027,25.76,18.34,17.03,13.1,20.52,5.24,2290
34,NJ,7028,20.53,8.21,8.21,7.62,21.11,34.31,3410
34,NJ,7029,38.4,25.93,14.88,8.53,10.5,1.75,9140
34,NJ,7030,12.6,13.53,18.14,13.49,21.86,20.38,29050
34,NJ,7031,27.54,22.58,17.51,11.47,17.87,3.02,8280
34,NJ,7032,38.4,25.74,14.94,9,10.12,1.8,18880
34,NJ,7033,28.95,20.57,15.31,11,20.33,3.83,4180
34,NJ,7034,26.2,20.37,19.33,13.93,17.67,2.49,4810
34,NJ,7035,25.09,18.73,16.55,13.27,21.09,5.27,5500
34,NJ,7036,35.33,26.98,16.66,9.6,10.18,1.25,22390
34,NJ,7039,22.52,10.19,9.05,7.91,23.24,27.08,14030
34,NJ,7040,25.45,15.46,11.61,8.88,18.87,19.73,11710
34,NJ,7041,22.82,13.51,9.61,7.81,19.82,26.43,3330
34,NJ,7042,25.41,17.92,14.92,9.45,16.64,15.67,13340
34,NJ,7043,20.07,8.96,7.71,7.17,21.33,34.77,5580
34,NJ,7044,20.94,13.82,12.68,10.4,25.5,16.67,7020
34,NJ,7045,24.52,12.07,10.15,8.05,22.61,22.61,5220
34,NJ,7046,23.12,7.04,5.03,5.03,17.09,42.71,1990
34,NJ,7047,42.16,25.92,14.49,7.4,8.15,1.88,29200
34,NJ,7050,47.51,31.25,12.12,4.91,3.71,0.49,14270
34,NJ,7052,28.38,17.98,13.1,9.63,19.61,11.3,23360
34,NJ,7054,25.31,18.39,15.81,11.74,20.9,7.87,14740
34,NJ,7055,52.24,29.37,9.73,3.64,3.67,1.35,29690
34,NJ,7057,33.56,26.61,17.8,10,10.34,1.69,5900
34,NJ,7058,24.09,14.6,12.41,9.85,22.99,16.06,2740
34,NJ,7059,24.78,12.02,8.89,7.01,18.4,28.91,7990
34,NJ,7060,43.55,28.99,12.18,6.35,7.26,1.67,20940
34,NJ,7062,39.74,26.78,13.83,8.15,9.75,1.75,6870
34,NJ,7063,40.63,28.91,13.75,7.34,8.28,1.09,6400
34,NJ,7064,33.17,21.29,15.84,11.39,15.84,2.48,2020
34,NJ,7065,32.32,24.27,17.04,10.55,13.86,1.96,14790
34,NJ,7066,24.91,15.87,14.65,10.62,25.03,8.91,8190
34,NJ,7067,27.08,16.31,14.18,11.41,24.63,6.4,9380
34,NJ,7068,21.13,13.1,12.8,11.31,23.51,18.15,3360
34,NJ,7069,23.1,12.21,9.9,7.26,20.46,27.06,3030
34,NJ,7070,24.07,17.86,15.03,10.89,21.46,10.68,9180
34,NJ,7071,28.17,22.05,17.82,11.61,16.83,3.51,11110
34,NJ,7072,29.91,22.12,16.82,11.21,16.51,3.43,3210
34,NJ,7073,28.26,21.94,17.19,12.65,16.4,3.56,5060
34,NJ,7074,36.84,26.32,13.16,9.21,11.84,2.63,1520
34,NJ,7075,23.53,17.65,15.01,11.16,24.54,8.11,4930
34,NJ,7076,23.74,13.58,12.21,9.14,22.8,18.53,11710
34,NJ,7077,29.58,22.54,15.49,11.97,18.31,2.11,1420
34,NJ,7078,21.9,6.03,4.83,3.62,12.41,51.21,5800
34,NJ,7079,22.59,13.06,10.07,7.89,20.95,25.44,7350
34,NJ,7080,28.92,19.58,15.08,11,21.25,4.17,12000
34,NJ,7081,23.51,15.79,14.04,11.23,24.21,11.23,8550
34,NJ,7082,27.37,11.93,10.18,8.42,21.75,20.35,2850
34,NJ,7083,28.88,21.21,16.02,11.5,18.88,3.51,27910
34,NJ,7086,25.1,19.51,15.47,10.66,17.56,11.7,7690
34,NJ,7087,50.69,27.29,11.43,4.9,4.68,1.01,31840
34,NJ,7088,36.93,28.98,17.61,8.52,7.95,0,1760
34,NJ,7090,21.78,9.5,8.41,6.8,20.03,33.48,13680
34,NJ,7092,21.12,10.56,9.94,8.39,25.78,24.22,3220
34,NJ,7093,45.09,24.44,12.07,6.22,8.55,3.62,29250
34,NJ,7094,23.47,17.13,14.75,11.42,23.16,10.07,9630
34,NJ,7095,28.35,20.33,16.23,11.34,18.87,4.89,10230
34,NJ,7102,45.74,26.6,12.55,5.74,5.53,3.83,4700
34,NJ,7103,55.68,27.29,10.03,4.12,2.64,0.23,12860
34,NJ,7104,49.16,30.88,11.78,4.6,3.16,0.41,22150
34,NJ,7105,50.16,25.98,12.35,6.1,4.77,0.64,18860
34,NJ,7106,47.62,30.84,12.75,5.05,3.52,0.22,13650
34,NJ,7107,54.52,30.12,9.96,3.32,2.09,0,16270
34,NJ,7108,59.34,26.62,9.29,2.81,1.94,0,10330
34,NJ,7109,33.16,26.94,17.1,10.15,11.4,1.26,19120
34,NJ,7110,24.46,18.19,15.09,11.39,23.05,7.82,14840
34,NJ,7111,48.92,30.75,12.35,4.71,3.09,0.19,25920
34,NJ,7112,49.7,31.5,11.43,4.32,2.79,0.25,11810
34,NJ,7114,57.11,27.16,9.39,3.81,2.54,0,3940
34,NJ,7201,50.69,30.15,11.23,4.62,3.08,0.23,13000
34,NJ,7202,46.61,30.06,13.45,5.59,3.98,0.31,19330
34,NJ,7203,37.13,28.64,16.35,8.49,8.49,0.9,11070
34,NJ,7204,29.57,22.75,17.83,11.45,16.09,2.32,6900
34,NJ,7205,35.3,27.1,16.86,9.44,9.71,1.59,11330
34,NJ,7206,54.55,29.79,9.78,3.67,2.22,0,13090
34,NJ,7208,42.95,28.46,13.43,6.32,7.38,1.46,15040
34,NJ,7302,13.86,12.98,14.7,13.02,26.21,19.22,25030
34,NJ,7304,43.81,28.23,12.79,6.98,6.98,1.22,22210
34,NJ,7305,43.05,26.7,13.23,6.68,8.18,2.16,30080
34,NJ,7306,38.32,23.82,15,10.34,10.57,1.95,26200
34,NJ,7307,37.06,26.01,15.9,9.13,9.83,2.07,21260
34,NJ,7310,14.45,11.05,14.73,15.16,26.91,17.71,7060
34,NJ,7311,7.14,8.93,12.5,16.07,33.93,21.43,560
34,NJ,7401,24.38,10,9.38,7.5,20.63,28.13,3200
34,NJ,7403,28.02,17.74,15.17,12.34,21.85,4.88,3890
34,NJ,7405,25.71,14.62,12.64,10,22.31,14.73,9100
34,NJ,7407,32.64,24.91,16.32,10.57,13.87,1.7,10600
34,NJ,7410,25.12,15.86,14.04,10.9,25.18,8.9,16520
34,NJ,7416,33.33,23.91,15.22,11.23,14.49,1.81,2760
34,NJ,7417,25,10.45,8.77,6.72,17.91,31.16,5360
34,NJ,7418,28.32,15.93,13.27,12.39,24.78,5.31,1130
34,NJ,7419,26.54,20.59,16.14,13.38,19.75,3.61,4710
34,NJ,7420,29.27,20.33,15.04,14.23,19.11,2.03,2460
34,NJ,7421,26.4,17.42,15.73,13.2,22.19,5.06,3560
34,NJ,7422,26.23,20.06,16.98,14.2,19.75,2.78,3240
34,NJ,7423,19.9,8.9,8.38,6.81,21.99,34.03,1910
34,NJ,7424,28.81,20.61,15.77,10.69,18.35,5.78,12810
34,NJ,7430,24.25,15.17,13.27,10.27,22.35,14.69,12660
34,NJ,7432,25.07,15.88,13.09,10.58,25.07,10.31,3590
34,NJ,7435,26.4,15.2,12.8,12,24,9.6,1250
34,NJ,7436,24.51,12.5,10.71,9.58,28.25,14.45,6160
34,NJ,7438,26.25,15.89,13.04,10.71,26.79,7.32,5600
34,NJ,7439,26.45,22.31,16.53,12.4,19.83,2.48,1210
34,NJ,7440,28.7,17.39,12.17,10.87,23.48,7.39,2300
34,NJ,7442,27.26,18.58,16.28,11.68,21.77,4.42,5650
34,NJ,7444,24.25,15.45,14.62,11.46,23.59,10.63,6020
34,NJ,7446,24.4,12.4,10.67,8.67,22.8,21.07,7500
34,NJ,7450,22.33,9.66,8.3,6.84,20.69,32.18,10970
34,NJ,7452,20.67,9.31,8.01,6.89,24.39,30.73,5370
34,NJ,7456,23.3,14.46,13.44,11.22,27.04,10.54,5880
34,NJ,7457,21.79,18.38,18.38,13.25,22.65,5.56,2340
34,NJ,7458,24.23,10.2,7.47,5.83,16.76,35.52,5490
34,NJ,7460,24.24,16.36,16.36,14.55,23.03,5.45,1650
34,NJ,7461,31.2,19.74,14.22,11.14,20.07,3.64,9070
34,NJ,7462,31.38,21.7,16.72,11.44,15.84,2.93,3410
34,NJ,7463,23.58,14.74,12.21,10.11,28.84,10.53,4750
34,NJ,7465,24.55,16.77,14.67,13.47,24.55,5.99,3340
34,NJ,7470,25.26,14.98,12.24,10.21,23.86,13.45,25570
34,NJ,7480,26.75,16.18,15.29,12.1,23.57,6.11,7850
34,NJ,7481,23.48,9.72,8.84,7.7,21.34,28.91,7920
34,NJ,7501,61.14,28.34,6.77,2.1,1.51,0.13,15210
34,NJ,7502,46.96,30.53,11.77,5.43,4.79,0.52,7730
34,NJ,7503,52.41,30.35,10.3,3.81,2.91,0.22,8930
34,NJ,7504,49.85,30.85,10.67,4.53,3.8,0.29,6840
34,NJ,7505,61.4,28.07,7.02,3.51,0,0,1140
34,NJ,7506,29.11,21.2,15.92,10.85,18.36,4.56,9860
34,NJ,7508,36.88,24.7,13.46,8.09,12.52,4.34,11740
34,NJ,7512,27.91,19.59,16.27,10.91,19.41,5.91,5410
34,NJ,7513,54.68,32.42,9.19,2.42,1.29,0,6200
34,NJ,7514,51.61,31.61,10,3.76,3.01,0,9300
34,NJ,7522,58.9,29.2,8.24,2.44,1.22,0,9830
34,NJ,7524,58.32,30.95,7.15,2.33,1.24,0,6430
34,NJ,7601,34.95,25.08,16.37,9.7,11.56,2.34,23090
34,NJ,7603,32.57,22.48,15.14,11.7,15.37,2.75,4360
34,NJ,7604,26.42,19.29,14.26,10.7,22.37,6.97,6170
34,NJ,7605,29.18,16.94,12.47,9.18,19.76,12.47,4250
34,NJ,7606,36.69,27.34,16.55,7.19,10.07,2.16,1390
34,NJ,7607,26.56,18.11,16.7,11.27,21.73,5.63,4970
34,NJ,7620,21.59,12.5,10.23,7.95,14.77,32.95,880
34,NJ,7621,31.63,20.57,14.2,10.18,18.37,5.05,13660
34,NJ,7624,26.21,13.49,10.69,8.65,20.61,20.36,3930
34,NJ,7626,24.05,13.67,11.14,10.13,21.27,19.75,3950
34,NJ,7627,23.21,11.16,8.93,6.7,20.54,29.46,2240
34,NJ,7628,28.23,18.17,14.86,10.97,23.2,4.57,8750
34,NJ,7630,24.58,13.56,12.15,9.89,26.27,13.56,3540
34,NJ,7631,34.07,22.31,13.1,8.29,12.89,9.35,14120
34,NJ,7632,20.61,11.45,9.16,9.16,19.47,30.15,2620
34,NJ,7640,22.97,10.81,10.36,8.56,25.23,22.07,2220
34,NJ,7641,22.56,10.37,9.15,7.93,20.73,29.27,1640
34,NJ,7642,26.36,11.87,10.06,8.45,26.36,16.9,4970
34,NJ,7643,34.14,24.12,17.25,10.02,12.43,2.04,5390
34,NJ,7644,37,27.89,16.5,8.64,8.8,1.18,12730
34,NJ,7645,22.91,12.65,10.74,8.83,23.63,21.24,4190
34,NJ,7646,25.96,19.3,15.79,11.46,21.29,6.2,8550
34,NJ,7647,29.29,16.32,13.39,9.62,23.01,8.37,2390
34,NJ,7648,25,16.29,12.12,8.71,21.59,16.29,2640
34,NJ,7649,21.23,12.02,10.23,8.18,24.3,24.04,3910
34,NJ,7650,42.61,23.15,13.26,7.17,10.33,3.48,9200
34,NJ,7652,25.86,15.75,12.62,9.87,22.73,13.17,12760
34,NJ,7656,24.77,13.74,11.04,9.46,25,15.99,4440
34,NJ,7657,35.3,22,14.42,9.98,14.05,4.25,5410
34,NJ,7660,31.6,23.29,15.88,10.24,15.13,3.86,6740
34,NJ,7661,23.68,14.57,12.02,10.2,26.05,13.48,5490
34,NJ,7662,27.48,19.87,16.56,12.25,19.87,3.97,3020
34,NJ,7663,26.68,21.45,15.55,12.33,19.97,4.02,7460
34,NJ,7666,28.76,17.04,13.16,10.02,19.51,11.51,19370
34,NJ,7670,24.56,10.14,9.03,6.66,17.75,31.85,6310
34,NJ,7675,25.15,13.86,11.29,9.47,23.03,17.2,13200
34,NJ,7676,22.86,13.03,11.54,10.68,27.56,14.32,4680
34,NJ,7677,23.33,9.67,8.67,6.67,18.67,33,3000
34,NJ,7701,30.1,18.65,13.21,9.45,18.33,10.25,12490
34,NJ,7702,24.51,10.78,10.29,7.84,25.49,21.08,2040
34,NJ,7704,26.16,7.89,7.17,6.81,20.07,31.9,2790
34,NJ,7711,25.3,16.87,13.25,9.64,20.48,14.46,830
34,NJ,7712,35.29,22.54,12.7,8.42,14.22,6.84,20320
34,NJ,7716,27.25,17.09,13.63,9.47,19.86,12.7,4330
34,NJ,7717,24.77,18.35,17.43,9.17,17.43,12.84,1090
34,NJ,7718,28.16,18.04,13.92,11.71,23.42,4.75,3160
34,NJ,7719,30.3,18.47,13.62,10.38,18.3,8.94,11750
34,NJ,7720,30.04,26.61,15.88,9.01,12.88,5.58,2330
34,NJ,7721,29.7,23.03,16.97,10.91,16.97,2.42,1650
34,NJ,7722,26.92,11.74,9.51,7.09,18.22,26.52,4940
34,NJ,7723,29.27,19.51,14.63,7.32,14.63,14.63,410
34,NJ,7724,30.15,20.61,14.44,9.12,18.16,7.52,11840
34,NJ,7726,27.63,15.06,11.3,9.12,23.73,13.16,22040
34,NJ,7727,28.32,18.62,13.52,9.18,20.15,10.2,3920
34,NJ,7728,32.6,17.33,12.03,8.76,19.76,9.53,27180
34,NJ,7730,28.56,17.32,13.42,11.24,23.97,5.5,8720
34,NJ,7731,30.75,17.16,12.61,10.78,23.34,5.36,19580
34,NJ,7732,28.57,20.82,16.33,11.43,15.92,6.94,2450
34,NJ,7733,23.23,11.48,9.03,7.48,21.42,27.35,7750
34,NJ,7734,39.17,24.37,14.62,9.39,11.37,1.08,5540
34,NJ,7735,32.37,22.33,15.92,11.43,16.03,1.92,9360
34,NJ,7737,30.48,16.19,13.81,10.95,20.48,8.1,2100
34,NJ,7738,26.85,9.73,8.39,7.38,25.84,21.81,2980
34,NJ,7739,23.84,10.26,8.28,7.28,23.51,26.82,3020
34,NJ,7740,42.59,24.39,12.53,7,9.8,3.68,13570
34,NJ,7746,25.53,11.37,9.48,8.58,24.64,20.4,8970
34,NJ,7747,26.89,16.3,14.01,10.72,23.53,8.56,15770
34,NJ,7748,26.65,14.37,12.43,9.63,23.85,13.07,13920
34,NJ,7750,24.29,11.86,11.86,9.6,19.77,22.6,1770
34,NJ,7751,26.4,12.79,9.15,8,24.01,19.65,9620
34,NJ,7753,33.77,23.09,15.39,10.39,14.46,2.89,20400
34,NJ,7755,30.99,16.61,11.5,10.86,22.04,7.99,3130
34,NJ,7756,31.14,22.75,15.57,8.98,14.97,6.59,1670
34,NJ,7757,28.13,14.93,12.85,9.38,21.88,12.85,2880
34,NJ,7758,28.93,16.94,14.46,11.16,22.73,5.79,2420
34,NJ,7760,25.27,11.11,8.5,6.97,16.12,32.03,4590
34,NJ,7762,27.92,16.67,14.38,9.79,18.13,13.13,4800
34,NJ,7764,29.88,15.98,13.02,10.36,21.01,9.76,3380
34,NJ,7801,41.28,27.92,12.96,7.2,9.12,1.52,12500
34,NJ,7803,27.45,21.08,16.67,13.24,19.12,2.45,2040
34,NJ,7820,30,20,20,0,30,0,100
